Random_number_of_people <- c(11,7, 2, 1, 2, 1, 18, 2, 23, 1, 1, 4, 20, 1, 1, 2, 12, 3, 1, 3, 3, 1, 13, 1, 5, 2, 3, 3, 1, 4, 2, 2, 2, 8, 1, 1, 3, 1, 13, 1, 1, 10, 1, 6, 1, 1, 24, 6, 17, 2, 1, 1, 1, 1, 1, 1, 2, 1, 1, 1, 1, 1, 1, 1, 2, 1, 5, 5, 1, 15, 5, 1, 1, 13, 2, 1, 1, 1, 4, 8, 1, 8, 1, 18, 4, 1, 10, 1, 1, 1, 11, 22, 1, 9, 12, 1, 1, 1, 20, 11)

Random_number_peaks <- c(2, 2, 1, 1, 1, 1, 4, 1, 5, 1, 1, 1, 5, 1, 1, 1, 4, 1, 1, 2, 1, 1, 5, 1, 2, 1, 2, 2, 1, 1, 1, 1, 1, 2, 1, 1, 1, 1, 4, 1, 1, 3, 1, 2, 1, 1, 5, 2, 4, 1, 1, 1, 1, 1, 1, 1, 1, 1, 1, 1, 1, 1, 1, 1, 1, 1, 2, 3, 1, 5, 2, 1, 1, 5, 1, 1, 1, 1, 1, 3, 1, 3, 1, 5, 2, 1, 3, 1, 1, 1, 4, 7, 1, 3, 3, 1, 1, 1, 5, 3)

Symptoms_number_people <- c(2, 2, 16, 17, 20, 16, 1, 9, 21, 12, 2, 12, 9, 14, 7, 17, 23, 16, 11, 21, 13, 21, 4, 18, 6, 8, 2, 10, 4, 14, 9, 14, 24, 27, 24, 6, 16, 16, 13, 24, 10, 27, 14, 14, 18, 17, 22, 32, 2, 11, 4, 20, 5, 9, 41, 62, 13, 4, 16, 2, 48, 16, 13, 15, 14, 28, 22, 10, 19, 61, 21, 3, 8, 13, 10, 23, 21, 14, 21, 3, 12, 15, 21, 22, 26, 23, 2, 5, 15, 21, 8, 4, 18, 13, 7, 17, 14, 16, 6, 35)

Symptoms_peaks <- c(1, 1, 5, 6, 6, 4, 1, 3, 7, 4, 1, 5, 3, 5, 3, 5, 7, 5, 5, 6, 5, 4, 2, 6, 3, 3, 1, 4, 2, 5, 2, 6, 9, 9, 12, 3, 5, 6, 4, 7, 4, 7, 5, 5, 5, 5, 6, 8, 1, 5, 2, 7, 3, 4, 10, 14, 4, 2, 7, 1, 12, 5, 3, 6, 5, 10, 8, 3, 6, 16, 7, 1, 2, 6, 5, 7, 8, 5, 5, 1, 4, 4, 6, 9, 12, 6, 1, 2, 4, 5, 2, 2, 6, 3, 3, 6, 6, 5, 2, 8)

Symp_Perm_isol_number <-c(2, 1, 2, 1, 15, 1, 1, 2, 1, 6, 1, 4, 4, 6, 1, 1, 34, 6, 6, 1, 9, 2, 3, 1, 7, 2, 16, 2, 8, 1, 14, 3, 13, 5, 1, 1, 12, 2, 3, 6, 2, 3, 1, 2, 32, 5, 16, 25, 3, 2, 8, 6, 3, 9, 3, 11, 19, 6, 2, 2, 1, 5, 16, 2, 8, 2, 7, 1, 6, 5, 5, 7, 17, 3, 1, 5, 5, 1, 10, 3, 11, 20, 1, 1, 5, 4, 3, 2, 10, 5, 3, 1, 5, 3, 10, 3, 1, 4, 1, 10)
Symp_perm_peaks <-c(2, 1, 1, 1, 3, 1, 1, 1, 1, 3, 1, 2, 2, 2, 1, 1, 7, 1, 2, 1, 4, 1, 2, 1, 3, 1, 6, 1, 3, 1, 4, 1, 3, 2, 1, 1, 5, 1, 2, 2, 1, 1, 1, 2, 11, 2, 5, 9, 1, 1, 5, 3, 1, 3, 1, 4, 6, 2, 1, 1, 1, 2, 6, 1, 3, 1, 3, 1, 2, 2, 2, 3, 5, 1, 1, 2, 2, 1, 3, 1, 4, 4, 1, 1, 2, 2, 1, 1, 3, 1, 1, 1, 1, 1, 2, 1, 1, 2, 1, 2)
Rano_perm_numbers <-c (1, 18, 1, 8, 4, 2, 1, 1, 1, 1, 1, 1, 4, 1, 3, 1, 1, 1, 3, 1, 3, 4, 6, 1, 6, 5, 1, 6, 1, 1, 1, 4, 16, 7, 7, 1, 3, 1, 6, 1, 17, 14, 1, 1, 1, 4, 29, 23, 8, 1, 1, 10, 11, 2, 2, 1, 6, 1, 18, 8, 1, 4, 14, 1, 3, 9, 1, 1, 3, 1, 7, 6, 2, 9, 1, 1, 1, 11, 2, 1, 1, 1, 1, 1, 1, 1, 2, 1, 2, 1, 16, 1, 1, 2, 8, 2, 10, 19, 1, 9)
Rando_perm_peaks <-c(1, 7, 1, 3, 2, 1, 1, 1, 1, 1, 1, 1, 1, 1, 2, 1, 1, 1, 1, 1, 1, 1, 2, 1, 1, 2, 1, 2, 1, 1, 1, 3, 4, 3, 2, 1, 1, 1, 3, 1, 4, 3, 1, 1, 1, 2, 6, 6, 2, 1, 1, 3, 3, 1, 1, 1, 2, 1, 5, 3, 1, 2, 4, 1, 1, 3, 1, 1, 1, 1, 2, 2, 1, 3, 1, 1, 1, 2, 1, 1, 1, 1, 1, 1, 1, 1, 1, 1, 2, 1, 4, 1, 1, 1, 2, 1, 4, 5, 1, 3)
mean(Symptoms_peaks)

hist(Random_number_of_people, main='Random, stay in isolation, no false positives/negatives', xlab='Number of individuals who get infected')
